19 6
10 10
9 -1 0 0 0 0 0
0 -1 0 0 0 0 0
8 -1 0 0 0 0 0
0 -1 0 0 0 0 0
8 -1 0 0 0 0 0
8 -1 0 0 0 0 0
6 -1 0 0 0 0 0
4 -1 0 0 0 0 0
0 -1 0 0 0 0 0
10 -1 0 0 0 0 0
10 -1 0 0 0 0 0
01
34
20 20
9 -1 0 0 0 0 0
0 -1 0 0 0 0 0
8 -1 0 0 0 0 0
0 -1 0 0 0 0 0
8 -1 0 0 0 0 0
8 -1 0 0 0 0 0
6 -1 0 0 0 0 0
4 -1 0 0 0 0 0
0 -1 0 0 0 0 0
10 -1 0 0 0 0 0
10 -1 0 0 0 0 0
02
34
30 20
9 -1 0 0 0 0 0
0 -1 0 0 0 0 0
8 -1 0 0 0 0 0
0 -1 0 0 0 0 0
8 -1 0 0 0 0 0
8 -1 0 0 0 0 0
6 -1 0 0 0 0 0
4 -1 0 0 0 0 0
0 -1 0 0 0 0 0
10 -1 0 0 0 0 0
10 -1 0 0 0 0 0
03
34
40 20
9 -1 0 0 0 0 0
0 -1 0 0 0 0 0
8 -1 0 0 0 0 0
0 -1 0 0 0 0 0
8 -1 0 0 0 0 0
8 -1 0 0 0 0 0
6 -1 0 0 0 0 0
4 -1 0 0 0 0 0
0 -1 0 0 0 0 0
10 -1 0 0 0 0 0
10 -1 0 0 0 0 0
04
34
50 20
9 -1 0 0 0 0 0
0 -1 0 0 0 0 0
8 -1 0 0 0 0 0
0 -1 0 0 0 0 0
8 -1 0 0 0 0 0
8 -1 0 0 0 0 0
6 -1 0 0 0 0 0
4 -1 0 0 0 0 0
0 -1 0 0 0 0 0
10 -1 0 0 0 0 0
10 -1 0 0 0 0 0
05
34
60 20
9 -1 0 0 0 0 0
0 -1 0 0 0 0 0
8 -1 0 0 0 0 0
0 -1 0 0 0 0 0
8 -1 0 0 0 0 0
8 -1 0 0 0 0 0
6 -1 0 0 0 0 0
4 -1 0 0 0 0 0
0 -1 0 0 0 0 0
10 -1 0 0 0 0 0
10 -1 0 0 0 0 0
06
34
70 20
9 -1 0 0 0 0 0
0 -1 0 0 0 0 0
8 -1 0 0 0 0 0
0 -1 0 0 0 0 0
8 -1 0 0 0 0 0
8 -1 0 0 0 0 0
6 -1 0 0 0 0 0
4 -1 0 0 0 0 0
0 -1 0 0 0 0 0
10 -1 0 0 0 0 0
10 -1 0 0 0 0 0
07
34
80 20
9 -1 0 0 0 0 0
0 -1 0 0 0 0 0
8 -1 0 0 0 0 0
0 -1 0 0 0 0 0
8 -1 0 0 0 0 0
8 -1 0 0 0 0 0
6 -1 0 0 0 0 0
4 -1 0 0 0 0 0
0 -1 0 0 0 0 0
10 -1 0 0 0 0 0
10 -1 0 0 0 0 0
08
34
90 20
9 -1 0 0 0 0 0
0 -1 0 0 0 0 0
8 -1 0 0 0 0 0
0 -1 0 0 0 0 0
8 -1 0 0 0 0 0
8 -1 0 0 0 0 0
6 -1 0 0 0 0 0
4 -1 0 0 0 0 0
0 -1 0 0 0 0 0
10 -1 0 0 0 0 0
10 -1 0 0 0 0 0
09
34
100 20
9 -1 0 0 0 0 0
0 -1 0 0 0 0 0
8 -1 0 0 0 0 0
0 -1 0 0 0 0 0
8 -1 0 0 0 0 0
8 -1 0 0 0 0 0
6 -1 0 0 0 0 0
4 -1 0 0 0 0 0
0 -1 0 0 0 0 0
10 -1 0 0 0 0 0
10 -1 0 0 0 0 0
10
34
110 20
9 -1 0 0 0 0 0
0 -1 0 0 0 0 0
8 -1 0 0 0 0 0
0 -1 0 0 0 0 0
8 -1 0 0 0 0 0
8 -1 0 0 0 0 0
6 -1 0 0 0 0 0
4 -1 0 0 0 0 0
0 -1 0 0 0 0 0
10 -1 0 0 0 0 0
10 -1 0 0 0 0 0
11
34
120 20
9 -1 0 0 0 0 0
0 -1 0 0 0 0 0
8 -1 0 0 0 0 0
0 -1 0 0 0 0 0
8 -1 0 0 0 0 0
8 -1 0 0 0 0 0
6 -1 0 0 0 0 0
4 -1 0 0 0 0 0
0 -1 0 0 0 0 0
10 -1 0 0 0 0 0
10 -1 0 0 0 0 0
12
34
130 20
9 -1 0 0 0 0 0
0 -1 0 0 0 0 0
8 -1 0 0 0 0 0
0 -1 0 0 0 0 0
8 -1 0 0 0 0 0
8 -1 0 0 0 0 0
6 -1 0 0 0 0 0
4 -1 0 0 0 0 0
0 -1 0 0 0 0 0
10 -1 0 0 0 0 0
10 -1 0 0 0 0 0
13
34
140 20
9 -1 0 0 0 0 0
0 -1 0 0 0 0 0
8 -1 0 0 0 0 0
0 -1 0 0 0 0 0
8 -1 0 0 0 0 0
8 -1 0 0 0 0 0
6 -1 0 0 0 0 0
4 -1 0 0 0 0 0
0 -1 0 0 0 0 0
10 -1 0 0 0 0 0
10 -1 0 0 0 0 0
14
34
150 20
9 -1 0 0 0 0 0
0 -1 0 0 0 0 0
8 -1 0 0 0 0 0
0 -1 0 0 0 0 0
8 -1 0 0 0 0 0
8 -1 0 0 0 0 0
6 -1 0 0 0 0 0
4 -1 0 0 0 0 0
0 -1 0 0 0 0 0
10 -1 0 0 0 0 0
10 -1 0 0 0 0 0
15
34
160 20
9 -1 0 0 0 0 0
0 -1 0 0 0 0 0
8 -1 0 0 0 0 0
0 -1 0 0 0 0 0
8 -1 0 0 0 0 0
8 -1 0 0 0 0 0
6 -1 0 0 0 0 0
4 -1 0 0 0 0 0
0 -1 0 0 0 0 0
10 -1 0 0 0 0 0
10 -1 0 0 0 0 0
16
34
170 20
9 -1 0 0 0 0 0
0 -1 0 0 0 0 0
8 -1 0 0 0 0 0
0 -1 0 0 0 0 0
8 -1 0 0 0 0 0
8 -1 0 0 0 0 0
6 -1 0 0 0 0 0
4 -1 0 0 0 0 0
0 -1 0 0 0 0 0
10 -1 0 0 0 0 0
10 -1 0 0 0 0 0
17
34
180 20
9 -1 0 0 0 0 0
0 -1 0 0 0 0 0
8 -1 0 0 0 0 0
0 -1 0 0 0 0 0
8 -1 0 0 0 0 0
8 -1 0 0 0 0 0
6 -1 0 0 0 0 0
4 -1 0 0 0 0 0
0 -1 0 0 0 0 0
10 -1 0 0 0 0 0
10 -1 0 0 0 0 0
18
34
190 20
9 -1 0 0 0 0 0
0 -1 0 0 0 0 0
8 -1 0 0 0 0 0
0 -1 0 0 0 0 0
8 -1 0 0 0 0 0
8 -1 0 0 0 0 0
6 -1 0 0 0 0 0
4 -1 0 0 0 0 0
0 -1 0 0 0 0 0
10 -1 0 0 0 0 0
10 -1 0 0 0 0 0
19
34
200 20
9 -1 0 0 0 0 0
0 -1 0 0 0 0 0
8 -1 0 0 0 0 0
0 -1 0 0 0 0 0
8 -1 0 0 0 0 0
8 -1 0 0 0 0 0
6 -1 0 0 0 0 0
4 -1 0 0 0 0 0
0 -1 0 0 0 0 0
10 -1 0 0 0 0 0
10 -1 0 0 0 0 0
20
34
210 20
9 -1 0 0 0 0 0
0 -1 0 0 0 0 0
8 -1 0 0 0 0 0
0 -1 0 0 0 0 0
8 -1 0 0 0 0 0
8 -1 0 0 0 0 0
6 -1 0 0 0 0 0
4 -1 0 0 0 0 0
0 -1 0 0 0 0 0
10 -1 0 0 0 0 0
10 -1 0 0 0 0 0
21
34
220 20
9 -1 0 0 0 0 0
0 -1 0 0 0 0 0
8 -1 0 0 0 0 0
0 -1 0 0 0 0 0
8 -1 0 0 0 0 0
8 -1 0 0 0 0 0
6 -1 0 0 0 0 0
4 -1 0 0 0 0 0
0 -1 0 0 0 0 0
10 -1 0 0 0 0 0
10 -1 0 0 0 0 0
22
34
230 20
9 -1 0 0 0 0 0
0 -1 0 0 0 0 0
8 -1 0 0 0 0 0
0 -1 0 0 0 0 0
8 -1 0 0 0 0 0
8 -1 0 0 0 0 0
6 -1 0 0 0 0 0
4 -1 0 0 0 0 0
0 -1 0 0 0 0 0
10 -1 0 0 0 0 0
10 -1 0 0 0 0 0
23
34
240 20
9 -1 0 0 0 0 0
0 -1 0 0 0 0 0
8 -1 0 0 0 0 0
0 -1 0 0 0 0 0
8 -1 0 0 0 0 0
8 -1 0 0 0 0 0
6 -1 0 0 0 0 0
4 -1 0 0 0 0 0
0 -1 0 0 0 0 0
10 -1 0 0 0 0 0
10 -1 0 0 0 0 0
24
34
250 20
9 -1 0 0 0 0 0
0 -1 0 0 0 0 0
8 -1 0 0 0 0 0
0 -1 0 0 0 0 0
8 -1 0 0 0 0 0
8 -1 0 0 0 0 0
6 -1 0 0 0 0 0
4 -1 0 0 0 0 0
0 -1 0 0 0 0 0
10 -1 0 0 0 0 0
10 -1 0 0 0 0 0
